13[Sup. 26.3102]
19[Sup. 26.8449]
7[Sup. 31.8717]
16[Sup. 31.9786]
16 22[Sup. 27.0588]
1[Sup. 33.1551]
1 22[Sup. 25.5615]
3[Sup. 33.369]
3 22[Sup. 31.8717]
2[Sup. 33.4759]
2 22[Sup. 29.7326]
18[Sup. 33.6898]
18 22[Sup. 30.1604]
8[Sup. 34.0107]
8 22[Sup. 31.8717]
9[Sup. 34.1176]
9 22[Sup. 32.8342]
15[Sup. 34.1176]
15 22[Sup. 29.0909]
17[Sup. 34.3316]
17 22[Sup. 29.9465]
21[Sup. 36.0428]
21 22[Sup. 32.1925]
6[Sup. 36.5775]
6 22[Sup. 33.6898]
20[Sup. 37.1123]
20 22[Sup. 31.7647]
12[Sup. 39.4652]
12 22[Sup. 36.5775]
14[Sup. 39.5722]
14 22[Sup. 34.6524]
11[Sup. 51.123]
11 5[Sup. 32.0856]
11 5 22[Sup. 26.9519]
11 22[Sup. 43.5294]
5[Sup. 57.861]
5 22[Sup. 48.984]
22[Sup. 87.1658]
